Table 7. Survival of private sector establishments by opening year

Total Private

                          Surviving       Total Employment   Survival Rates   Survival Rates of   Average Employment
                          Establishments  of Survivors       Since Birth      Previous Year's     of Survivors
                                                                              Survivors

Annual openings
Year ended: March 1994

            March 1994         569,387       4,127,123            100.0               _                  7.2
            March 1995         453,105       4,135,330             79.6             79.6                 9.1
            March 1996         387,838       4,006,528             68.1             85.6                10.3
            March 1997         345,128       3,943,372             60.6             89.0                11.4
            March 1998         309,064       3,858,652             54.3             89.6                12.5
            March 1999         282,466       3,716,558             49.6             91.4                13.2
            March 2000         257,476       3,651,825             45.2             91.2                14.2
            March 2001         236,088       3,503,445             41.5             91.7                14.8
            March 2002         218,169       3,274,362             38.3             92.4                15.0
            March 2003         203,484       3,115,044             35.7             93.3                15.3
            March 2004         191,435       3,024,138             33.6             94.1                15.8
            March 2005         180,919       2,962,277             31.8             94.5                16.4
            March 2006         172,816       2,913,403             30.4             95.5                16.9
            March 2007         163,491       2,855,611             28.7             94.6                17.5
            March 2008         154,955       2,771,148             27.2             94.8                17.9
            March 2009         145,131       2,536,302             25.5             93.7                17.5
            March 2010         137,003       2,422,416             24.1             94.4                17.7
            March 2011         131,017       2,405,238             23.0             95.6                18.4
            March 2012         125,389       2,400,879             22.0             95.7                19.1
            March 2013         120,631       2,386,345             21.2             96.2                19.8
            March 2014         115,662       2,373,765             20.3             95.9                20.5
            March 2015         111,209       2,357,225             19.5             96.1                21.2
            March 2016         106,799       2,339,513             18.8             96.0                21.9
            March 2017         102,396       2,322,735             18.0             95.9                22.7
            March 2018          98,047       2,296,103             17.2             95.8                23.4
            March 2019          94,347       2,249,737             16.6             96.2                23.8
            March 2020          89,752       2,187,053             15.8             95.1                24.4
            March 2021          85,207       1,999,673             15.0             94.9                23.5
            March 2022          81,888       2,039,518             14.4             96.1                24.9
            March 2023          78,157       2,042,189             13.7             95.4                26.1
            March 2024          74,789       1,993,902             13.1             95.7                26.7
 
Annual openings
Year ended: March 1995

            March 1995         604,381       4,370,563            100.0               _                  7.2
            March 1996         476,523       4,314,900             78.8             78.8                 9.1
            March 1997         410,313       4,265,506             67.9             86.1                10.4
            March 1998         361,600       4,173,715             59.8             88.1                11.5
            March 1999         326,804       4,072,795             54.1             90.4                12.5
            March 2000         295,152       3,999,774             48.8             90.3                13.6
            March 2001         268,130       3,831,335             44.4             90.8                14.3
            March 2002         246,232       3,535,354             40.7             91.8                14.4
            March 2003         229,521       3,355,729             38.0             93.2                14.6
            March 2004         215,474       3,269,424             35.7             93.9                15.2
            March 2005         201,976       3,194,815             33.4             93.7                15.8
            March 2006         191,076       3,159,212             31.6             94.6                16.5
            March 2007         180,787       3,084,364             29.9             94.6                17.1
            March 2008         171,496       2,991,699             28.4             94.9                17.4
            March 2009         160,641       2,737,978             26.6             93.7                17.0
            March 2010         151,840       2,611,264             25.1             94.5                17.2
            March 2011         145,043       2,596,979             24.0             95.5                17.9
            March 2012         139,230       2,578,472             23.0             96.0                18.5
            March 2013         133,944       2,562,059             22.2             96.2                19.1
            March 2014         128,806       2,519,797             21.3             96.2                19.6
            March 2015         123,565       2,499,985             20.4             95.9                20.2
            March 2016         118,694       2,477,587             19.6             96.1                20.9
            March 2017         113,893       2,438,316             18.8             96.0                21.4
            March 2018         109,141       2,410,462             18.1             95.8                22.1
            March 2019         104,724       2,376,360             17.3             96.0                22.7
            March 2020          99,852       2,304,986             16.5             95.3                23.1
            March 2021          95,160       2,128,444             15.7             95.3                22.4
            March 2022          91,528       2,122,385             15.1             96.2                23.2
            March 2023          87,397       2,103,847             14.5             95.5                24.1
            March 2024          83,317       2,054,755             13.8             95.3                24.7
 
Annual openings
Year ended: March 1996

            March 1996         609,571       4,369,698            100.0               _                  7.2
            March 1997         476,738       4,322,252             78.2             78.2                 9.1
            March 1998         407,971       4,241,331             66.9             85.6                10.4
            March 1999         363,947       4,164,133             59.7             89.2                11.4
            March 2000         325,662       4,105,301             53.4             89.5                12.6
            March 2001         293,263       3,930,283             48.1             90.1                13.4
            March 2002         267,311       3,624,698             43.9             91.2                13.6
            March 2003         246,964       3,446,270             40.5             92.4                14.0
            March 2004         230,588       3,354,372             37.8             93.4                14.5
            March 2005         215,696       3,307,501             35.4             93.5                15.3
            March 2006         203,362       3,272,843             33.4             94.3                16.1
            March 2007         191,902       3,202,131             31.5             94.4                16.7
            March 2008         181,315       3,098,481             29.7             94.5                17.1
            March 2009         170,432       2,822,679             28.0             94.0                16.6
            March 2010         160,466       2,705,129             26.3             94.2                16.9
            March 2011         153,006       2,679,990             25.1             95.4                17.5
            March 2012         146,726       2,669,390             24.1             95.9                18.2
            March 2013         140,724       2,653,180             23.1             95.9                18.9
            March 2014         135,516       2,624,023             22.2             96.3                19.4
            March 2015         129,952       2,615,522             21.3             95.9                20.1
            March 2016         124,465       2,597,041             20.4             95.8                20.9
            March 2017         119,574       2,554,437             19.6             96.1                21.4
            March 2018         114,351       2,520,921             18.8             95.6                22.0
            March 2019         109,582       2,484,677             18.0             95.8                22.7
            March 2020         104,286       2,426,340             17.1             95.2                23.3
            March 2021          99,146       2,212,525             16.3             95.1                22.3
            March 2022          95,464       2,250,161             15.7             96.3                23.6
            March 2023          90,683       2,248,988             14.9             95.0                24.8
            March 2024          86,961       2,204,360             14.3             95.9                25.3
 
Annual openings
Year ended: March 1997

            March 1997         639,071       4,651,121            100.0               _                  7.3
            March 1998         501,906       4,696,376             78.5             78.5                 9.4
            March 1999         436,463       4,601,538             68.3             87.0                10.5
            March 2000         384,400       4,550,711             60.1             88.1                11.8
            March 2001         338,964       4,325,053             53.0             88.2                12.8
            March 2002         304,431       3,951,899             47.6             89.8                13.0
            March 2003         279,184       3,702,076             43.7             91.7                13.3
            March 2004         258,901       3,597,813             40.5             92.7                13.9
            March 2005         240,810       3,529,038             37.7             93.0                14.7
            March 2006         227,769       3,492,816             35.6             94.6                15.3
            March 2007         213,964       3,418,419             33.5             93.9                16.0
            March 2008         201,590       3,302,838             31.5             94.2                16.4
            March 2009         187,317       2,996,802             29.3             92.9                16.0
            March 2010         176,241       2,842,206             27.6             94.1                16.1
            March 2011         167,605       2,818,394             26.2             95.1                16.8
            March 2012         160,522       2,811,183             25.1             95.8                17.5
            March 2013         154,105       2,797,229             24.1             96.0                18.2
            March 2014         148,047       2,778,058             23.2             96.1                18.8
            March 2015         141,893       2,753,782             22.2             95.8                19.4
            March 2016         136,311       2,729,049             21.3             96.1                20.0
            March 2017         130,174       2,686,108             20.4             95.5                20.6
            March 2018         124,322       2,642,236             19.5             95.5                21.3
            March 2019         119,325       2,593,617             18.7             96.0                21.7
            March 2020         113,377       2,525,084             17.7             95.0                22.3
            March 2021         107,643       2,304,463             16.8             94.9                21.4
            March 2022         103,628       2,335,709             16.2             96.3                22.5
            March 2023          98,878       2,317,006             15.5             95.4                23.4
            March 2024          94,519       2,274,900             14.8             95.6                24.1
 
Annual openings
Year ended: March 1998

            March 1998         642,965       4,714,021            100.0               _                  7.3
            March 1999         515,225       4,704,833             80.1             80.1                 9.1
            March 2000         440,692       4,698,230             68.5             85.5                10.7
            March 2001         383,425       4,492,200             59.6             87.0                11.7
            March 2002         340,735       4,120,960             53.0             88.9                12.1
            March 2003         309,100       3,883,645             48.1             90.7                12.6
            March 2004         285,374       3,776,685             44.4             92.3                13.2
            March 2005         264,907       3,714,271             41.2             92.8                14.0
            March 2006         248,654       3,684,896             38.7             93.9                14.8
            March 2007         232,947       3,617,160             36.2             93.7                15.5
            March 2008         218,560       3,487,755             34.0             93.8                16.0
            March 2009         202,597       3,208,753             31.5             92.7                15.8
            March 2010         189,895       3,051,221             29.5             93.7                16.1
            March 2011         180,818       3,030,220             28.1             95.2                16.8
            March 2012         172,685       3,025,028             26.9             95.5                17.5
            March 2013         165,378       3,009,139             25.7             95.8                18.2
            March 2014         158,553       2,981,169             24.7             95.9                18.8
            March 2015         151,909       2,968,664             23.6             95.8                19.5
            March 2016         145,910       2,945,472             22.7             96.1                20.2
            March 2017         140,220       2,911,188             21.8             96.1                20.8
            March 2018         133,717       2,868,149             20.8             95.4                21.4
            March 2019         128,140       2,827,030             19.9             95.8                22.1
            March 2020         122,194       2,732,222             19.0             95.4                22.4
            March 2021         116,459       2,521,851             18.1             95.3                21.7
            March 2022         112,054       2,553,719             17.4             96.2                22.8
            March 2023         106,921       2,524,530             16.6             95.4                23.6
            March 2024         101,797       2,468,237             15.8             95.2                24.2
 
Annual openings
Year ended: March 1999

            March 1999         650,661       4,730,629            100.0               _                  7.3
            March 2000         514,849       4,756,096             79.1             79.1                 9.2
            March 2001         436,117       4,569,111             67.0             84.7                10.5
            March 2002         380,908       4,206,831             58.5             87.3                11.0
            March 2003         342,710       3,971,255             52.7             90.0                11.6
            March 2004         313,541       3,851,233             48.2             91.5                12.3
            March 2005         288,711       3,766,376             44.4             92.1                13.0
            March 2006         269,658       3,739,013             41.4             93.4                13.9
            March 2007         251,352       3,657,317             38.6             93.2                14.6
            March 2008         234,570       3,534,684             36.1             93.3                15.1
            March 2009         216,137       3,237,472             33.2             92.1                15.0
            March 2010         201,719       3,070,274             31.0             93.3                15.2
            March 2011         191,449       3,049,907             29.4             94.9                15.9
            March 2012         183,465       3,048,372             28.2             95.8                16.6
            March 2013         175,409       3,022,925             27.0             95.6                17.2
            March 2014         168,142       3,008,153             25.8             95.9                17.9
            March 2015         160,940       2,991,683             24.7             95.7                18.6
            March 2016         153,959       2,964,350             23.7             95.7                19.3
            March 2017         147,408       2,936,338             22.7             95.7                19.9
            March 2018         140,348       2,889,394             21.6             95.2                20.6
            March 2019         134,275       2,834,130             20.6             95.7                21.1
            March 2020         127,542       2,751,736             19.6             95.0                21.6
            March 2021         121,857       2,544,246             18.7             95.5                20.9
            March 2022         116,757       2,559,674             17.9             95.8                21.9
            March 2023         111,192       2,544,760             17.1             95.2                22.9
            March 2024         106,145       2,488,476             16.3             95.5                23.4
 
Annual openings
Year ended: March 2000

            March 2000         674,530       4,664,457            100.0               _                  6.9
            March 2001         528,789       4,640,259             78.4             78.4                 8.8
            March 2002         445,096       4,237,474             66.0             84.2                 9.5
            March 2003         392,534       4,045,865             58.2             88.2                10.3
            March 2004         356,031       3,930,418             52.8             90.7                11.0
            March 2005         325,339       3,845,549             48.2             91.4                11.8
            March 2006         301,605       3,836,918             44.7             92.7                12.7
            March 2007         280,365       3,765,625             41.6             93.0                13.4
            March 2008         260,274       3,629,185             38.6             92.8                13.9
            March 2009         239,342       3,324,018             35.5             92.0                13.9
            March 2010         221,654       3,166,752             32.9             92.6                14.3
            March 2011         210,463       3,140,139             31.2             95.0                14.9
            March 2012         200,710       3,122,982             29.8             95.4                15.6
            March 2013         192,731       3,101,664             28.6             96.0                16.1
            March 2014         184,346       3,095,453             27.3             95.6                16.8
            March 2015         177,240       3,093,553             26.3             96.1                17.5
            March 2016         169,445       3,072,165             25.1             95.6                18.1
            March 2017         162,363       3,053,459             24.1             95.8                18.8
            March 2018         154,465       3,020,530             22.9             95.1                19.6
            March 2019         147,465       2,967,252             21.9             95.5                20.1
            March 2020         140,628       2,897,503             20.8             95.4                20.6
            March 2021         134,083       2,677,927             19.9             95.3                20.0
            March 2022         129,182       2,736,750             19.2             96.3                21.2
            March 2023         122,624       2,699,634             18.2             94.9                22.0
            March 2024         116,610       2,625,464             17.3             95.1                22.5
 
Annual openings
Year ended: March 2001

            March 2001         671,299       4,309,449            100.0               _                  6.4
            March 2002         508,294       3,996,217             75.7             75.7                 7.9
            March 2003         434,275       3,812,242             64.7             85.4                 8.8
            March 2004         386,719       3,746,283             57.6             89.0                 9.7
            March 2005         351,386       3,691,947             52.3             90.9                10.5
            March 2006         322,845       3,656,681             48.1             91.9                11.3
            March 2007         296,962       3,558,499             44.2             92.0                12.0
            March 2008         274,416       3,403,848             40.9             92.4                12.4
            March 2009         250,725       3,098,728             37.3             91.4                12.4
            March 2010         231,491       2,942,562             34.5             92.3                12.7
            March 2011         217,287       2,912,480             32.4             93.9                13.4
            March 2012         207,244       2,889,545             30.9             95.4                13.9
            March 2013         197,982       2,855,809             29.5             95.5                14.4
            March 2014         188,464       2,830,998             28.1             95.2                15.0
            March 2015         180,008       2,808,553             26.8             95.5                15.6
            March 2016         171,339       2,783,020             25.5             95.2                16.2
            March 2017         163,597       2,743,485             24.4             95.5                16.8
            March 2018         155,107       2,696,120             23.1             94.8                17.4
            March 2019         148,103       2,648,576             22.1             95.5                17.9
            March 2020         140,572       2,564,951             20.9             94.9                18.2
            March 2021         133,569       2,356,571             19.9             95.0                17.6
            March 2022         128,055       2,384,553             19.1             95.9                18.6
            March 2023         120,926       2,377,915             18.0             94.4                19.7
            March 2024         114,963       2,316,984             17.1             95.1                20.2
 
Annual openings
Year ended: March 2002

            March 2002         659,111       4,195,695            100.0               _                  6.4
            March 2003         516,410       3,972,654             78.3             78.3                 7.7
            March 2004         444,443       3,864,351             67.4             86.1                 8.7
            March 2005         395,576       3,820,211             60.0             89.0                 9.7
            March 2006         360,891       3,811,985             54.8             91.2                10.6
            March 2007         330,248       3,712,937             50.1             91.5                11.2
            March 2008         302,690       3,546,753             45.9             91.7                11.7
            March 2009         275,191       3,250,452             41.8             90.9                11.8
            March 2010         253,174       3,062,822             38.4             92.0                12.1
            March 2011         237,630       3,035,720             36.1             93.9                12.8
            March 2012         225,174       3,008,224             34.2             94.8                13.4
            March 2013         214,216       2,970,915             32.5             95.1                13.9
            March 2014         203,129       2,932,428             30.8             94.8                14.4
            March 2015         193,597       2,919,808             29.4             95.3                15.1
            March 2016         185,305       2,875,361             28.1             95.7                15.5
            March 2017         176,084       2,823,639             26.7             95.0                16.0
            March 2018         167,156       2,784,509             25.4             94.9                16.7
            March 2019         160,195       2,737,063             24.3             95.8                17.1
            March 2020         151,662       2,641,908             23.0             94.7                17.4
            March 2021         144,584       2,425,162             21.9             95.3                16.8
            March 2022         138,614       2,468,684             21.0             95.9                17.8
            March 2023         131,443       2,450,742             19.9             94.8                18.6
            March 2024         124,396       2,393,771             18.9             94.6                19.2
 
Annual openings
Year ended: March 2003

            March 2003         662,416       3,884,047            100.0               _                  5.9
            March 2004         525,125       3,794,959             79.3             79.3                 7.2
            March 2005         453,014       3,739,052             68.4             86.3                 8.3
            March 2006         406,881       3,702,748             61.4             89.8                 9.1
            March 2007         366,034       3,625,732             55.3             90.0                 9.9
            March 2008         330,863       3,471,622             49.9             90.4                10.5
            March 2009         296,810       3,158,823             44.8             89.7                10.6
            March 2010         270,953       2,979,194             40.9             91.3                11.0
            March 2011         252,242       2,943,045             38.1             93.1                11.7
            March 2012         238,614       2,930,317             36.0             94.6                12.3
            March 2013         226,490       2,899,806             34.2             94.9                12.8
            March 2014         214,006       2,882,306             32.3             94.5                13.5
            March 2015         203,423       2,864,521             30.7             95.1                14.1
            March 2016         192,801       2,843,867             29.1             94.8                14.8
            March 2017         183,206       2,809,599             27.7             95.0                15.3
            March 2018         173,983       2,768,994             26.3             95.0                15.9
            March 2019         165,878       2,726,095             25.0             95.3                16.4
            March 2020         157,141       2,653,057             23.7             94.7                16.9
            March 2021         149,206       2,460,881             22.5             95.0                16.5
            March 2022         142,902       2,507,651             21.6             95.8                17.5
            March 2023         133,902       2,470,665             20.2             93.7                18.5
            March 2024         126,801       2,412,204             19.1             94.7                19.0
 
Annual openings
Year ended: March 2004

            March 2004         653,766       3,629,624            100.0               _                  5.6
            March 2005         516,112       3,586,023             78.9             78.9                 6.9
            March 2006         451,487       3,582,321             69.1             87.5                 7.9
            March 2007         399,916       3,489,188             61.2             88.6                 8.7
            March 2008         356,428       3,324,798             54.5             89.1                 9.3
            March 2009         316,438       3,017,937             48.4             88.8                 9.5
            March 2010         285,951       2,843,800             43.7             90.4                 9.9
            March 2011         264,915       2,817,627             40.5             92.6                10.6
            March 2012         249,806       2,802,082             38.2             94.3                11.2
            March 2013         236,199       2,786,146             36.1             94.6                11.8
            March 2014         222,104       2,772,128             34.0             94.0                12.5
            March 2015         209,836       2,755,548             32.1             94.5                13.1
            March 2016         198,979       2,725,902             30.4             94.8                13.7
            March 2017         188,495       2,696,779             28.8             94.7                14.3
            March 2018         178,690       2,671,741             27.3             94.8                15.0
            March 2019         169,215       2,640,678             25.9             94.7                15.6
            March 2020         159,632       2,565,548             24.4             94.3                16.1
            March 2021         151,883       2,382,304             23.2             95.1                15.7
            March 2022         145,230       2,436,857             22.2             95.6                16.8
            March 2023         136,881       2,415,719             20.9             94.3                17.6
            March 2024         129,391       2,361,693             19.8             94.5                18.3
 
Annual openings
Year ended: March 2005

            March 2005         679,797       3,617,914            100.0               _                  5.3
            March 2006         544,191       3,652,412             80.1             80.1                 6.7
            March 2007         467,187       3,568,137             68.7             85.8                 7.6
            March 2008         408,909       3,406,626             60.2             87.5                 8.3
            March 2009         357,261       3,059,416             52.6             87.4                 8.6
            March 2010         318,425       2,887,866             46.8             89.1                 9.1
            March 2011         293,664       2,867,266             43.2             92.2                 9.8
            March 2012         275,517       2,860,520             40.5             93.8                10.4
            March 2013         259,886       2,832,256             38.2             94.3                10.9
            March 2014         243,776       2,816,489             35.9             93.8                11.6
            March 2015         229,642       2,802,371             33.8             94.2                12.2
            March 2016         216,840       2,783,396             31.9             94.4                12.8
            March 2017         205,265       2,747,345             30.2             94.7                13.4
            March 2018         194,296       2,730,515             28.6             94.7                14.1
            March 2019         183,940       2,680,741             27.1             94.7                14.6
            March 2020         173,074       2,594,312             25.5             94.1                15.0
            March 2021         164,140       2,413,339             24.1             94.8                14.7
            March 2022         157,307       2,466,857             23.1             95.8                15.7
            March 2023         147,656       2,437,075             21.7             93.9                16.5
            March 2024         140,178       2,386,564             20.6             94.9                17.0
 
Annual openings
Year ended: March 2006

            March 2006         715,597       3,602,505            100.0               _                  5.0
            March 2007         560,076       3,547,086             78.3             78.3                 6.3
            March 2008         474,061       3,368,897             66.2             84.6                 7.1
            March 2009         405,349       3,018,673             56.6             85.5                 7.4
            March 2010         356,325       2,832,230             49.8             87.9                 7.9
            March 2011         325,018       2,809,350             45.4             91.2                 8.6
            March 2012         302,866       2,807,765             42.3             93.2                 9.3
            March 2013         283,527       2,777,618             39.6             93.6                 9.8
            March 2014         265,517       2,766,817             37.1             93.6                10.4
            March 2015         249,021       2,759,058             34.8             93.8                11.1
            March 2016         234,416       2,741,722             32.8             94.1                11.7
            March 2017         221,873       2,708,341             31.0             94.6                12.2
            March 2018         209,371       2,683,700             29.3             94.4                12.8
            March 2019         197,921       2,640,733             27.7             94.5                13.3
            March 2020         186,205       2,578,693             26.0             94.1                13.8
            March 2021         176,168       2,403,460             24.6             94.6                13.6
            March 2022         167,514       2,460,100             23.4             95.1                14.7
            March 2023         156,993       2,429,797             21.9             93.7                15.5
            March 2024         148,768       2,383,960             20.8             94.8                16.0
 
Annual openings
Year ended: March 2007

            March 2007         703,704       3,502,303            100.0               _                  5.0
            March 2008         543,890       3,376,777             77.3             77.3                 6.2
            March 2009         450,562       3,040,921             64.0             82.8                 6.7
            March 2010         390,450       2,866,523             55.5             86.7                 7.3
            March 2011         353,349       2,836,674             50.2             90.5                 8.0
            March 2012         326,278       2,823,904             46.4             92.3                 8.7
            March 2013         303,157       2,794,392             43.1             92.9                 9.2
            March 2014         282,310       2,788,093             40.1             93.1                 9.9
            March 2015         263,367       2,776,715             37.4             93.3                10.5
            March 2016         246,974       2,757,412             35.1             93.8                11.2
            March 2017         232,145       2,720,779             33.0             94.0                11.7
            March 2018         218,195       2,691,219             31.0             94.0                12.3
            March 2019         205,886       2,645,850             29.3             94.4                12.9
            March 2020         192,872       2,579,469             27.4             93.7                13.4
            March 2021         182,246       2,412,527             25.9             94.5                13.2
            March 2022         173,730       2,463,771             24.7             95.3                14.2
            March 2023         162,624       2,442,365             23.1             93.6                15.0
            March 2024         153,975       2,381,110             21.9             94.7                15.5
 
Annual openings
Year ended: March 2008

            March 2008         677,939       3,329,731            100.0               _                  4.9
            March 2009         510,103       2,986,911             75.2             75.2                 5.9
            March 2010         428,826       2,796,912             63.3             84.1                 6.5
            March 2011         382,705       2,776,624             56.5             89.2                 7.3
            March 2012         350,542       2,795,639             51.7             91.6                 8.0
            March 2013         323,991       2,770,292             47.8             92.4                 8.6
            March 2014         299,371       2,751,461             44.2             92.4                 9.2
            March 2015         277,913       2,743,783             41.0             92.8                 9.9
            March 2016         259,566       2,725,749             38.3             93.4                10.5
            March 2017         243,490       2,687,746             35.9             93.8                11.0
            March 2018         227,969       2,656,349             33.6             93.6                11.7
            March 2019         214,957       2,611,598             31.7             94.3                12.1
            March 2020         201,191       2,524,179             29.7             93.6                12.5
            March 2021         190,220       2,337,530             28.1             94.5                12.3
            March 2022         180,944       2,402,585             26.7             95.1                13.3
            March 2023         168,884       2,378,736             24.9             93.3                14.1
            March 2024         159,951       2,315,028             23.6             94.7                14.5
 
Annual openings
Year ended: March 2009

            March 2009         608,547       2,797,462            100.0               _                  4.6
            March 2010         466,472       2,591,166             76.7             76.7                 5.6
            March 2011         404,121       2,584,980             66.4             86.6                 6.4
            March 2012         364,420       2,589,590             59.9             90.2                 7.1
            March 2013         333,292       2,561,003             54.8             91.5                 7.7
            March 2014         304,952       2,541,785             50.1             91.5                 8.3
            March 2015         280,766       2,534,193             46.1             92.1                 9.0
            March 2016         260,157       2,506,401             42.8             92.7                 9.6
            March 2017         241,896       2,482,610             39.7             93.0                10.3
            March 2018         226,553       2,454,960             37.2             93.7                10.8
            March 2019         212,630       2,402,254             34.9             93.9                11.3
            March 2020         198,587       2,335,034             32.6             93.4                11.8
            March 2021         186,898       2,156,190             30.7             94.1                11.5
            March 2022         178,021       2,218,644             29.3             95.3                12.5
            March 2023         164,499       2,174,684             27.0             92.4                13.2
            March 2024         155,063       2,138,103             25.5             94.3                13.8
 
Annual openings
Year ended: March 2010

            March 2010         560,391       2,509,568            100.0               _                  4.5
            March 2011         440,245       2,477,067             78.6             78.6                 5.6
            March 2012         384,451       2,482,355             68.6             87.3                 6.5
            March 2013         345,311       2,465,662             61.6             89.8                 7.1
            March 2014         313,745       2,455,371             56.0             90.9                 7.8
            March 2015         286,115       2,433,499             51.1             91.2                 8.5
            March 2016         263,245       2,411,125             47.0             92.0                 9.2
            March 2017         240,900       2,382,270             43.0             91.5                 9.9
            March 2018         226,783       2,352,311             40.5             94.1                10.4
            March 2019         212,607       2,315,405             37.9             93.7                10.9
            March 2020         197,976       2,241,255             35.3             93.1                11.3
            March 2021         186,128       2,067,114             33.2             94.0                11.1
            March 2022         176,711       2,134,600             31.5             94.9                12.1
            March 2023         161,299       2,107,242             28.8             91.3                13.1
            March 2024         151,855       2,053,508             27.1             94.1                13.5
 
Annual openings
Year ended: March 2011

            March 2011         582,349       2,567,418            100.0               _                  4.4
            March 2012         462,541       2,578,283             79.4             79.4                 5.6
            March 2013         403,510       2,561,570             69.3             87.2                 6.3
            March 2014         360,518       2,553,415             61.9             89.3                 7.1
            March 2015         326,045       2,549,382             56.0             90.4                 7.8
            March 2016         296,507       2,523,118             50.9             90.9                 8.5
            March 2017         271,108       2,488,416             46.6             91.4                 9.2
            March 2018         252,196       2,461,083             43.3             93.0                 9.8
            March 2019         235,378       2,426,381             40.4             93.3                10.3
            March 2020         218,264       2,354,639             37.5             92.7                10.8
            March 2021         204,265       2,175,879             35.1             93.6                10.7
            March 2022         193,037       2,249,850             33.1             94.5                11.7
            March 2023         178,094       2,217,339             30.6             92.3                12.5
            March 2024         167,050       2,160,436             28.7             93.8                12.9
 
Annual openings
Year ended: March 2012

            March 2012         631,634       2,789,241            100.0               _                  4.4
            March 2013         500,475       2,763,396             79.2             79.2                 5.5
            March 2014         433,682       2,770,349             68.7             86.7                 6.4
            March 2015         386,580       2,772,860             61.2             89.1                 7.2
            March 2016         349,582       2,754,622             55.3             90.4                 7.9
            March 2017         316,699       2,720,087             50.1             90.6                 8.6
            March 2018         292,810       2,688,848             46.4             92.5                 9.2
            March 2019         271,188       2,641,159             42.9             92.6                 9.7
            March 2020         250,534       2,565,860             39.7             92.4                10.2
            March 2021         233,613       2,386,369             37.0             93.2                10.2
            March 2022         220,440       2,459,654             34.9             94.4                11.2
            March 2023         203,625       2,421,919             32.2             92.4                11.9
            March 2024         190,574       2,359,784             30.2             93.6                12.4
 
Annual openings
Year ended: March 2013

            March 2013         628,840       2,797,809            100.0               _                  4.4
            March 2014         500,434       2,825,593             79.6             79.6                 5.6
            March 2015         433,559       2,860,090             68.9             86.6                 6.6
            March 2016         385,941       2,846,957             61.4             89.0                 7.4
            March 2017         347,723       2,812,357             55.3             90.1                 8.1
            March 2018         318,339       2,793,442             50.6             91.5                 8.8
            March 2019         293,400       2,755,781             46.7             92.2                 9.4
            March 2020         269,048       2,691,854             42.8             91.7                10.0
            March 2021         250,803       2,520,907             39.9             93.2                10.1
            March 2022         236,663       2,654,855             37.6             94.4                11.2
            March 2023         218,254       2,597,046             34.7             92.2                11.9
            March 2024         203,808       2,523,808             32.4             93.4                12.4
 
Annual openings
Year ended: March 2014

            March 2014         652,518       2,877,712            100.0               _                  4.4
            March 2015         520,140       2,914,006             79.7             79.7                 5.6
            March 2016         451,876       2,932,296             69.3             86.9                 6.5
            March 2017         403,346       2,914,250             61.8             89.3                 7.2
            March 2018         364,284       2,892,389             55.8             90.3                 7.9
            March 2019         331,362       2,865,296             50.8             91.0                 8.6
            March 2020         303,184       2,779,982             46.5             91.5                 9.2
            March 2021         281,777       2,585,622             43.2             92.9                 9.2
            March 2022         265,698       2,699,360             40.7             94.3                10.2
            March 2023         245,949       2,656,220             37.7             92.6                10.8
            March 2024         228,017       2,571,034             34.9             92.7                11.3
 
Annual openings
Year ended: March 2015

            March 2015         677,876       3,011,469            100.0               _                  4.4
            March 2016         539,701       3,073,279             79.6             79.6                 5.7
            March 2017         468,293       3,081,916             69.1             86.8                 6.6
            March 2018         416,438       3,075,769             61.4             88.9                 7.4
            March 2019         375,833       3,043,285             55.4             90.2                 8.1
            March 2020         340,281       2,985,597             50.2             90.5                 8.8
            March 2021         314,801       2,803,570             46.4             92.5                 8.9
            March 2022         295,667       3,003,504             43.6             93.9                10.2
            March 2023         273,295       2,933,134             40.3             92.4                10.7
            March 2024         253,573       2,850,642             37.4             92.8                11.2
 
Annual openings
Year ended: March 2016

            March 2016         732,856       3,130,736            100.0               _                  4.3
            March 2017         583,649       3,177,809             79.6             79.6                 5.4
            March 2018         504,380       3,180,663             68.8             86.4                 6.3
            March 2019         448,758       3,156,393             61.2             89.0                 7.0
            March 2020         403,200       3,083,361             55.0             89.8                 7.6
            March 2021         371,334       2,906,079             50.7             92.1                 7.8
            March 2022         347,579       3,061,396             47.4             93.6                 8.8
            March 2023         317,238       3,002,818             43.3             91.3                 9.5
            March 2024         292,581       2,915,666             39.9             92.2                10.0
 
Annual openings
Year ended: March 2017

            March 2017         733,286       3,111,021            100.0               _                  4.2
            March 2018         580,064       3,150,467             79.1             79.1                 5.4
            March 2019         502,855       3,149,427             68.6             86.7                 6.3
            March 2020         445,038       3,092,079             60.7             88.5                 6.9
            March 2021         407,322       2,940,977             55.5             91.5                 7.2
            March 2022         378,274       3,101,371             51.6             92.9                 8.2
            March 2023         344,873       3,067,885             47.0             91.2                 8.9
            March 2024         316,976       2,984,403             43.2             91.9                 9.4
 
Annual openings
Year ended: March 2018

            March 2018         733,721       3,090,584            100.0               _                  4.2
            March 2019         582,840       3,147,244             79.4             79.4                 5.4
            March 2020         503,729       3,104,226             68.7             86.4                 6.2
            March 2021         455,667       2,990,398             62.1             90.5                 6.6
            March 2022         420,517       3,177,683             57.3             92.3                 7.6
            March 2023         380,444       3,127,601             51.9             90.5                 8.2
            March 2024         348,298       3,035,059             47.5             91.6                 8.7
 
Annual openings
Year ended: March 2019

            March 2019         770,523       3,116,850            100.0               _                  4.0
            March 2020         610,104       3,104,642             79.2             79.2                 5.1
            March 2021         540,775       3,004,262             70.2             88.6                 5.6
            March 2022         493,448       3,240,520             64.0             91.2                 6.6
            March 2023         436,830       3,186,425             56.7             88.5                 7.3
            March 2024         397,522       3,078,488             51.6             91.0                 7.7
 
Annual openings
Year ended: March 2020

            March 2020         767,573       3,063,425            100.0               _                  4.0
            March 2021         621,249       3,000,715             80.9             80.9                 4.8
            March 2022         554,747       3,286,496             72.3             89.3                 5.9
            March 2023         488,169       3,261,291             63.6             88.0                 6.7
            March 2024         439,992       3,164,173             57.3             90.1                 7.2
 
Annual openings
Year ended: March 2021

            March 2021         839,297       2,985,309            100.0               _                  3.6
            March 2022         663,801       3,255,404             79.1             79.1                 4.9
            March 2023         562,531       3,237,753             67.0             84.7                 5.8
            March 2024         496,754       3,151,625             59.2             88.3                 6.3
 
Annual openings
Year ended: March 2022

            March 2022       1,065,228       3,697,739            100.0               _                  3.5
            March 2023         812,349       3,709,203             76.3             76.3                 4.6
            March 2024         693,408       3,608,348             65.1             85.4                 5.2
 
Annual openings
Year ended: March 2023

            March 2023       1,049,106       3,697,345            100.0               _                  3.5
            March 2024         823,601       3,624,855             78.5             78.5                 4.4
 
Annual openings
Year ended: March 2024

            March 2024         993,489       3,523,288            100.0               _                  3.5
 
NOTE: A '_' indicates that the data are not available and a 'N' indicates that the data do not meet BLS disclosure standards.
